{
 "cells": [
  {
   "cell_type": "markdown",
   "metadata": {},
   "source": [
    "### Overall Code Quality Score: 20%\n"
   ]
  },
  {
   "cell_type": "code",
   "execution_count": 1,
   "metadata": {
    "colab": {},
    "colab_type": "code",
    "id": "eACvXpIWRAEa"
   },
   "outputs": [],
   "source": [
    "#Import the libraries\n",
    "\n",
    "import pandas as pd\n",
    "import numpy as np\n",
    "import matplotlib.pyplot as plt\n",
    "import seaborn as sns\n",
    "\n",
    "sns.set(rc={'figure.figsize':(20,10)})\n",
    "\n",
    "from sklearn.model_selection import train_test_split \n",
    "from sklearn.linear_model import LogisticRegression \n",
    "from sklearn.metrics import confusion_matrix\n",
    "from sklearn.ensemble import RandomForestClassifier"
   ]
  },
  {
   "cell_type": "code",
   "execution_count": 2,
   "metadata": {
    "colab": {},
    "colab_type": "code",
    "id": "Rs8cL0V6REYL"
   },
   "outputs": [],
   "source": [
    "#Import the data given\n",
    "\n",
    "data = pd.read_csv('../data/breast_cancer_data_classification.csv')"
   ]
  },
  {
   "cell_type": "code",
   "execution_count": 3,
   "metadata": {
    "colab": {},
    "colab_type": "code",
    "id": "-tV7arTtRHht"
   },
   "outputs": [],
   "source": [
    "#Assign the variables for the factors\n",
    "\n",
    "columns1 = ['diagnosis','radius_mean','texture_mean','perimeter_mean','area_mean','smoothness_mean','compactness_mean','concavity_mean','concave points_mean','symmetry_mean','fractal_dimension_mean']\n",
    "columns2 = ['diagnosis','radius_se','texture_se','perimeter_se','area_se','smoothness_se','compactness_se','concavity_se','concave points_se','symmetry_se','fractal_dimension_se']\n",
    "columns3 = ['diagnosis','radius_worst','texture_worst','perimeter_worst','area_worst','smoothness_worst','compactness_worst','concavity_worst','concave points_worst','symmetry_worst','fractal_dimension_worst']\n",
    "subset1_data = data[columns1]\n",
    "subset2_data = data[columns2]\n",
    "subset3_data = data[columns3]"
   ]
  },
  {
   "cell_type": "code",
   "execution_count": 4,
   "metadata": {
    "colab": {
     "base_uri": "https://localhost:8080/",
     "height": 323
    },
    "colab_type": "code",
    "id": "UOxSIipuRJp9",
    "outputId": "72adb2c1-d332-4cb6-872a-5b8df992f47f"
   },
   "outputs": [
    {
     "name": "stderr",
     "output_type": "stream",
     "text": [
      "/anaconda3/lib/python3.6/site-packages/ipykernel_launcher.py:3: SettingWithCopyWarning: \n",
      "A value is trying to be set on a copy of a slice from a DataFrame.\n",
      "Try using .loc[row_indexer,col_indexer] = value instead\n",
      "\n",
      "See the caveats in the documentation: http://pandas.pydata.org/pandas-docs/stable/indexing.html#indexing-view-versus-copy\n",
      "  This is separate from the ipykernel package so we can avoid doing imports until\n",
      "/anaconda3/lib/python3.6/site-packages/ipykernel_launcher.py:4: SettingWithCopyWarning: \n",
      "A value is trying to be set on a copy of a slice from a DataFrame.\n",
      "Try using .loc[row_indexer,col_indexer] = value instead\n",
      "\n",
      "See the caveats in the documentation: http://pandas.pydata.org/pandas-docs/stable/indexing.html#indexing-view-versus-copy\n",
      "  after removing the cwd from sys.path.\n",
      "/anaconda3/lib/python3.6/site-packages/ipykernel_launcher.py:5: SettingWithCopyWarning: \n",
      "A value is trying to be set on a copy of a slice from a DataFrame.\n",
      "Try using .loc[row_indexer,col_indexer] = value instead\n",
      "\n",
      "See the caveats in the documentation: http://pandas.pydata.org/pandas-docs/stable/indexing.html#indexing-view-versus-copy\n",
      "  \"\"\"\n"
     ]
    }
   ],
   "source": [
    "#Convert the column 'diagnosis' into numerical data\n",
    "\n",
    "subset1_data['Malignant'] = pd.get_dummies(subset1_data['diagnosis'])['M']\n",
    "subset2_data['Malignant'] = pd.get_dummies(subset2_data['diagnosis'])['M']\n",
    "subset3_data['Malignant'] = pd.get_dummies(subset3_data['diagnosis'])['M']"
   ]
  },
  {
   "cell_type": "code",
   "execution_count": 5,
   "metadata": {
    "colab": {
     "base_uri": "https://localhost:8080/",
     "height": 427
    },
    "colab_type": "code",
    "id": "ovg9ac_pRShA",
    "outputId": "99f77804-9760-46b6-ed51-f198cba5cfac"
   },
   "outputs": [
    {
     "data": {
      "text/html": [
       "<div>\n",
       "<style scoped>\n",
       "    .dataframe tbody tr th:only-of-type {\n",
       "        vertical-align: middle;\n",
       "    }\n",
       "\n",
       "    .dataframe tbody tr th {\n",
       "        vertical-align: top;\n",
       "    }\n",
       "\n",
       "    .dataframe thead th {\n",
       "        text-align: right;\n",
       "    }\n",
       "</style>\n",
       "<table border=\"1\" class=\"dataframe\">\n",
       "  <thead>\n",
       "    <tr style=\"text-align: right;\">\n",
       "      <th></th>\n",
       "      <th>radius_mean</th>\n",
       "      <th>texture_mean</th>\n",
       "      <th>perimeter_mean</th>\n",
       "      <th>area_mean</th>\n",
       "      <th>smoothness_mean</th>\n",
       "      <th>compactness_mean</th>\n",
       "      <th>concavity_mean</th>\n",
       "      <th>concave points_mean</th>\n",
       "      <th>symmetry_mean</th>\n",
       "      <th>fractal_dimension_mean</th>\n",
       "      <th>Malignant</th>\n",
       "    </tr>\n",
       "  </thead>\n",
       "  <tbody>\n",
       "    <tr>\n",
       "      <th>radius_mean</th>\n",
       "      <td>1.000000</td>\n",
       "      <td>0.323782</td>\n",
       "      <td>0.997855</td>\n",
       "      <td>0.987357</td>\n",
       "      <td>0.170581</td>\n",
       "      <td>0.506124</td>\n",
       "      <td>0.676764</td>\n",
       "      <td>0.822529</td>\n",
       "      <td>0.147741</td>\n",
       "      <td>-0.311631</td>\n",
       "      <td>0.730029</td>\n",
       "    </tr>\n",
       "    <tr>\n",
       "      <th>texture_mean</th>\n",
       "      <td>0.323782</td>\n",
       "      <td>1.000000</td>\n",
       "      <td>0.329533</td>\n",
       "      <td>0.321086</td>\n",
       "      <td>-0.023389</td>\n",
       "      <td>0.236702</td>\n",
       "      <td>0.302418</td>\n",
       "      <td>0.293464</td>\n",
       "      <td>0.071401</td>\n",
       "      <td>-0.076437</td>\n",
       "      <td>0.415185</td>\n",
       "    </tr>\n",
       "    <tr>\n",
       "      <th>perimeter_mean</th>\n",
       "      <td>0.997855</td>\n",
       "      <td>0.329533</td>\n",
       "      <td>1.000000</td>\n",
       "      <td>0.986507</td>\n",
       "      <td>0.207278</td>\n",
       "      <td>0.556936</td>\n",
       "      <td>0.716136</td>\n",
       "      <td>0.850977</td>\n",
       "      <td>0.183027</td>\n",
       "      <td>-0.261477</td>\n",
       "      <td>0.742636</td>\n",
       "    </tr>\n",
       "    <tr>\n",
       "      <th>area_mean</th>\n",
       "      <td>0.987357</td>\n",
       "      <td>0.321086</td>\n",
       "      <td>0.986507</td>\n",
       "      <td>1.000000</td>\n",
       "      <td>0.177028</td>\n",
       "      <td>0.498502</td>\n",
       "      <td>0.685983</td>\n",
       "      <td>0.823269</td>\n",
       "      <td>0.151293</td>\n",
       "      <td>-0.283110</td>\n",
       "      <td>0.708984</td>\n",
       "    </tr>\n",
       "    <tr>\n",
       "      <th>smoothness_mean</th>\n",
       "      <td>0.170581</td>\n",
       "      <td>-0.023389</td>\n",
       "      <td>0.207278</td>\n",
       "      <td>0.177028</td>\n",
       "      <td>1.000000</td>\n",
       "      <td>0.659123</td>\n",
       "      <td>0.521984</td>\n",
       "      <td>0.553695</td>\n",
       "      <td>0.557775</td>\n",
       "      <td>0.584792</td>\n",
       "      <td>0.358560</td>\n",
       "    </tr>\n",
       "    <tr>\n",
       "      <th>compactness_mean</th>\n",
       "      <td>0.506124</td>\n",
       "      <td>0.236702</td>\n",
       "      <td>0.556936</td>\n",
       "      <td>0.498502</td>\n",
       "      <td>0.659123</td>\n",
       "      <td>1.000000</td>\n",
       "      <td>0.883121</td>\n",
       "      <td>0.831135</td>\n",
       "      <td>0.602641</td>\n",
       "      <td>0.565369</td>\n",
       "      <td>0.596534</td>\n",
       "    </tr>\n",
       "    <tr>\n",
       "      <th>concavity_mean</th>\n",
       "      <td>0.676764</td>\n",
       "      <td>0.302418</td>\n",
       "      <td>0.716136</td>\n",
       "      <td>0.685983</td>\n",
       "      <td>0.521984</td>\n",
       "      <td>0.883121</td>\n",
       "      <td>1.000000</td>\n",
       "      <td>0.921391</td>\n",
       "      <td>0.500667</td>\n",
       "      <td>0.336783</td>\n",
       "      <td>0.696360</td>\n",
       "    </tr>\n",
       "    <tr>\n",
       "      <th>concave points_mean</th>\n",
       "      <td>0.822529</td>\n",
       "      <td>0.293464</td>\n",
       "      <td>0.850977</td>\n",
       "      <td>0.823269</td>\n",
       "      <td>0.553695</td>\n",
       "      <td>0.831135</td>\n",
       "      <td>0.921391</td>\n",
       "      <td>1.000000</td>\n",
       "      <td>0.462497</td>\n",
       "      <td>0.166917</td>\n",
       "      <td>0.776614</td>\n",
       "    </tr>\n",
       "    <tr>\n",
       "      <th>symmetry_mean</th>\n",
       "      <td>0.147741</td>\n",
       "      <td>0.071401</td>\n",
       "      <td>0.183027</td>\n",
       "      <td>0.151293</td>\n",
       "      <td>0.557775</td>\n",
       "      <td>0.602641</td>\n",
       "      <td>0.500667</td>\n",
       "      <td>0.462497</td>\n",
       "      <td>1.000000</td>\n",
       "      <td>0.479921</td>\n",
       "      <td>0.330499</td>\n",
       "    </tr>\n",
       "    <tr>\n",
       "      <th>fractal_dimension_mean</th>\n",
       "      <td>-0.311631</td>\n",
       "      <td>-0.076437</td>\n",
       "      <td>-0.261477</td>\n",
       "      <td>-0.283110</td>\n",
       "      <td>0.584792</td>\n",
       "      <td>0.565369</td>\n",
       "      <td>0.336783</td>\n",
       "      <td>0.166917</td>\n",
       "      <td>0.479921</td>\n",
       "      <td>1.000000</td>\n",
       "      <td>-0.012838</td>\n",
       "    </tr>\n",
       "    <tr>\n",
       "      <th>Malignant</th>\n",
       "      <td>0.730029</td>\n",
       "      <td>0.415185</td>\n",
       "      <td>0.742636</td>\n",
       "      <td>0.708984</td>\n",
       "      <td>0.358560</td>\n",
       "      <td>0.596534</td>\n",
       "      <td>0.696360</td>\n",
       "      <td>0.776614</td>\n",
       "      <td>0.330499</td>\n",
       "      <td>-0.012838</td>\n",
       "      <td>1.000000</td>\n",
       "    </tr>\n",
       "  </tbody>\n",
       "</table>\n",
       "</div>"
      ],
      "text/plain": [
       "                        radius_mean  texture_mean  perimeter_mean  area_mean  \\\n",
       "radius_mean                1.000000      0.323782        0.997855   0.987357   \n",
       "texture_mean               0.323782      1.000000        0.329533   0.321086   \n",
       "perimeter_mean             0.997855      0.329533        1.000000   0.986507   \n",
       "area_mean                  0.987357      0.321086        0.986507   1.000000   \n",
       "smoothness_mean            0.170581     -0.023389        0.207278   0.177028   \n",
       "compactness_mean           0.506124      0.236702        0.556936   0.498502   \n",
       "concavity_mean             0.676764      0.302418        0.716136   0.685983   \n",
       "concave points_mean        0.822529      0.293464        0.850977   0.823269   \n",
       "symmetry_mean              0.147741      0.071401        0.183027   0.151293   \n",
       "fractal_dimension_mean    -0.311631     -0.076437       -0.261477  -0.283110   \n",
       "Malignant                  0.730029      0.415185        0.742636   0.708984   \n",
       "\n",
       "                        smoothness_mean  compactness_mean  concavity_mean  \\\n",
       "radius_mean                    0.170581          0.506124        0.676764   \n",
       "texture_mean                  -0.023389          0.236702        0.302418   \n",
       "perimeter_mean                 0.207278          0.556936        0.716136   \n",
       "area_mean                      0.177028          0.498502        0.685983   \n",
       "smoothness_mean                1.000000          0.659123        0.521984   \n",
       "compactness_mean               0.659123          1.000000        0.883121   \n",
       "concavity_mean                 0.521984          0.883121        1.000000   \n",
       "concave points_mean            0.553695          0.831135        0.921391   \n",
       "symmetry_mean                  0.557775          0.602641        0.500667   \n",
       "fractal_dimension_mean         0.584792          0.565369        0.336783   \n",
       "Malignant                      0.358560          0.596534        0.696360   \n",
       "\n",
       "                        concave points_mean  symmetry_mean  \\\n",
       "radius_mean                        0.822529       0.147741   \n",
       "texture_mean                       0.293464       0.071401   \n",
       "perimeter_mean                     0.850977       0.183027   \n",
       "area_mean                          0.823269       0.151293   \n",
       "smoothness_mean                    0.553695       0.557775   \n",
       "compactness_mean                   0.831135       0.602641   \n",
       "concavity_mean                     0.921391       0.500667   \n",
       "concave points_mean                1.000000       0.462497   \n",
       "symmetry_mean                      0.462497       1.000000   \n",
       "fractal_dimension_mean             0.166917       0.479921   \n",
       "Malignant                          0.776614       0.330499   \n",
       "\n",
       "                        fractal_dimension_mean  Malignant  \n",
       "radius_mean                          -0.311631   0.730029  \n",
       "texture_mean                         -0.076437   0.415185  \n",
       "perimeter_mean                       -0.261477   0.742636  \n",
       "area_mean                            -0.283110   0.708984  \n",
       "smoothness_mean                       0.584792   0.358560  \n",
       "compactness_mean                      0.565369   0.596534  \n",
       "concavity_mean                        0.336783   0.696360  \n",
       "concave points_mean                   0.166917   0.776614  \n",
       "symmetry_mean                         0.479921   0.330499  \n",
       "fractal_dimension_mean                1.000000  -0.012838  \n",
       "Malignant                            -0.012838   1.000000  "
      ]
     },
     "execution_count": 5,
     "metadata": {},
     "output_type": "execute_result"
    }
   ],
   "source": [
    "#Check which factors highly correlate with the diagnosis\n",
    "\n",
    "subset1_data.corr()"
   ]
  },
  {
   "cell_type": "code",
   "execution_count": 6,
   "metadata": {
    "colab": {
     "base_uri": "https://localhost:8080/",
     "height": 427
    },
    "colab_type": "code",
    "id": "QBziNnHqj-Y3",
    "outputId": "c1bec7a7-8d32-453a-89c2-7d98b555f47f"
   },
   "outputs": [
    {
     "data": {
      "text/html": [
       "<div>\n",
       "<style scoped>\n",
       "    .dataframe tbody tr th:only-of-type {\n",
       "        vertical-align: middle;\n",
       "    }\n",
       "\n",
       "    .dataframe tbody tr th {\n",
       "        vertical-align: top;\n",
       "    }\n",
       "\n",
       "    .dataframe thead th {\n",
       "        text-align: right;\n",
       "    }\n",
       "</style>\n",
       "<table border=\"1\" class=\"dataframe\">\n",
       "  <thead>\n",
       "    <tr style=\"text-align: right;\">\n",
       "      <th></th>\n",
       "      <th>radius_se</th>\n",
       "      <th>texture_se</th>\n",
       "      <th>perimeter_se</th>\n",
       "      <th>area_se</th>\n",
       "      <th>smoothness_se</th>\n",
       "      <th>compactness_se</th>\n",
       "      <th>concavity_se</th>\n",
       "      <th>concave points_se</th>\n",
       "      <th>symmetry_se</th>\n",
       "      <th>fractal_dimension_se</th>\n",
       "      <th>Malignant</th>\n",
       "    </tr>\n",
       "  </thead>\n",
       "  <tbody>\n",
       "    <tr>\n",
       "      <th>radius_se</th>\n",
       "      <td>1.000000</td>\n",
       "      <td>0.213247</td>\n",
       "      <td>0.972794</td>\n",
       "      <td>0.951830</td>\n",
       "      <td>0.164514</td>\n",
       "      <td>0.356065</td>\n",
       "      <td>0.332358</td>\n",
       "      <td>0.513346</td>\n",
       "      <td>0.240567</td>\n",
       "      <td>0.227754</td>\n",
       "      <td>0.567134</td>\n",
       "    </tr>\n",
       "    <tr>\n",
       "      <th>texture_se</th>\n",
       "      <td>0.213247</td>\n",
       "      <td>1.000000</td>\n",
       "      <td>0.223171</td>\n",
       "      <td>0.111567</td>\n",
       "      <td>0.397243</td>\n",
       "      <td>0.231700</td>\n",
       "      <td>0.194998</td>\n",
       "      <td>0.230283</td>\n",
       "      <td>0.411621</td>\n",
       "      <td>0.279723</td>\n",
       "      <td>-0.008303</td>\n",
       "    </tr>\n",
       "    <tr>\n",
       "      <th>perimeter_se</th>\n",
       "      <td>0.972794</td>\n",
       "      <td>0.223171</td>\n",
       "      <td>1.000000</td>\n",
       "      <td>0.937655</td>\n",
       "      <td>0.151075</td>\n",
       "      <td>0.416322</td>\n",
       "      <td>0.362482</td>\n",
       "      <td>0.556264</td>\n",
       "      <td>0.266487</td>\n",
       "      <td>0.244143</td>\n",
       "      <td>0.556141</td>\n",
       "    </tr>\n",
       "    <tr>\n",
       "      <th>area_se</th>\n",
       "      <td>0.951830</td>\n",
       "      <td>0.111567</td>\n",
       "      <td>0.937655</td>\n",
       "      <td>1.000000</td>\n",
       "      <td>0.075150</td>\n",
       "      <td>0.284840</td>\n",
       "      <td>0.270895</td>\n",
       "      <td>0.415730</td>\n",
       "      <td>0.134109</td>\n",
       "      <td>0.127071</td>\n",
       "      <td>0.548236</td>\n",
       "    </tr>\n",
       "    <tr>\n",
       "      <th>smoothness_se</th>\n",
       "      <td>0.164514</td>\n",
       "      <td>0.397243</td>\n",
       "      <td>0.151075</td>\n",
       "      <td>0.075150</td>\n",
       "      <td>1.000000</td>\n",
       "      <td>0.336696</td>\n",
       "      <td>0.268685</td>\n",
       "      <td>0.328429</td>\n",
       "      <td>0.413506</td>\n",
       "      <td>0.427374</td>\n",
       "      <td>-0.067016</td>\n",
       "    </tr>\n",
       "    <tr>\n",
       "      <th>compactness_se</th>\n",
       "      <td>0.356065</td>\n",
       "      <td>0.231700</td>\n",
       "      <td>0.416322</td>\n",
       "      <td>0.284840</td>\n",
       "      <td>0.336696</td>\n",
       "      <td>1.000000</td>\n",
       "      <td>0.801268</td>\n",
       "      <td>0.744083</td>\n",
       "      <td>0.394713</td>\n",
       "      <td>0.803269</td>\n",
       "      <td>0.292999</td>\n",
       "    </tr>\n",
       "    <tr>\n",
       "      <th>concavity_se</th>\n",
       "      <td>0.332358</td>\n",
       "      <td>0.194998</td>\n",
       "      <td>0.362482</td>\n",
       "      <td>0.270895</td>\n",
       "      <td>0.268685</td>\n",
       "      <td>0.801268</td>\n",
       "      <td>1.000000</td>\n",
       "      <td>0.771804</td>\n",
       "      <td>0.309429</td>\n",
       "      <td>0.727372</td>\n",
       "      <td>0.253730</td>\n",
       "    </tr>\n",
       "    <tr>\n",
       "      <th>concave points_se</th>\n",
       "      <td>0.513346</td>\n",
       "      <td>0.230283</td>\n",
       "      <td>0.556264</td>\n",
       "      <td>0.415730</td>\n",
       "      <td>0.328429</td>\n",
       "      <td>0.744083</td>\n",
       "      <td>0.771804</td>\n",
       "      <td>1.000000</td>\n",
       "      <td>0.312780</td>\n",
       "      <td>0.611044</td>\n",
       "      <td>0.408042</td>\n",
       "    </tr>\n",
       "    <tr>\n",
       "      <th>symmetry_se</th>\n",
       "      <td>0.240567</td>\n",
       "      <td>0.411621</td>\n",
       "      <td>0.266487</td>\n",
       "      <td>0.134109</td>\n",
       "      <td>0.413506</td>\n",
       "      <td>0.394713</td>\n",
       "      <td>0.309429</td>\n",
       "      <td>0.312780</td>\n",
       "      <td>1.000000</td>\n",
       "      <td>0.369078</td>\n",
       "      <td>-0.006522</td>\n",
       "    </tr>\n",
       "    <tr>\n",
       "      <th>fractal_dimension_se</th>\n",
       "      <td>0.227754</td>\n",
       "      <td>0.279723</td>\n",
       "      <td>0.244143</td>\n",
       "      <td>0.127071</td>\n",
       "      <td>0.427374</td>\n",
       "      <td>0.803269</td>\n",
       "      <td>0.727372</td>\n",
       "      <td>0.611044</td>\n",
       "      <td>0.369078</td>\n",
       "      <td>1.000000</td>\n",
       "      <td>0.077972</td>\n",
       "    </tr>\n",
       "    <tr>\n",
       "      <th>Malignant</th>\n",
       "      <td>0.567134</td>\n",
       "      <td>-0.008303</td>\n",
       "      <td>0.556141</td>\n",
       "      <td>0.548236</td>\n",
       "      <td>-0.067016</td>\n",
       "      <td>0.292999</td>\n",
       "      <td>0.253730</td>\n",
       "      <td>0.408042</td>\n",
       "      <td>-0.006522</td>\n",
       "      <td>0.077972</td>\n",
       "      <td>1.000000</td>\n",
       "    </tr>\n",
       "  </tbody>\n",
       "</table>\n",
       "</div>"
      ],
      "text/plain": [
       "                      radius_se  texture_se  perimeter_se   area_se  \\\n",
       "radius_se              1.000000    0.213247      0.972794  0.951830   \n",
       "texture_se             0.213247    1.000000      0.223171  0.111567   \n",
       "perimeter_se           0.972794    0.223171      1.000000  0.937655   \n",
       "area_se                0.951830    0.111567      0.937655  1.000000   \n",
       "smoothness_se          0.164514    0.397243      0.151075  0.075150   \n",
       "compactness_se         0.356065    0.231700      0.416322  0.284840   \n",
       "concavity_se           0.332358    0.194998      0.362482  0.270895   \n",
       "concave points_se      0.513346    0.230283      0.556264  0.415730   \n",
       "symmetry_se            0.240567    0.411621      0.266487  0.134109   \n",
       "fractal_dimension_se   0.227754    0.279723      0.244143  0.127071   \n",
       "Malignant              0.567134   -0.008303      0.556141  0.548236   \n",
       "\n",
       "                      smoothness_se  compactness_se  concavity_se  \\\n",
       "radius_se                  0.164514        0.356065      0.332358   \n",
       "texture_se                 0.397243        0.231700      0.194998   \n",
       "perimeter_se               0.151075        0.416322      0.362482   \n",
       "area_se                    0.075150        0.284840      0.270895   \n",
       "smoothness_se              1.000000        0.336696      0.268685   \n",
       "compactness_se             0.336696        1.000000      0.801268   \n",
       "concavity_se               0.268685        0.801268      1.000000   \n",
       "concave points_se          0.328429        0.744083      0.771804   \n",
       "symmetry_se                0.413506        0.394713      0.309429   \n",
       "fractal_dimension_se       0.427374        0.803269      0.727372   \n",
       "Malignant                 -0.067016        0.292999      0.253730   \n",
       "\n",
       "                      concave points_se  symmetry_se  fractal_dimension_se  \\\n",
       "radius_se                      0.513346     0.240567              0.227754   \n",
       "texture_se                     0.230283     0.411621              0.279723   \n",
       "perimeter_se                   0.556264     0.266487              0.244143   \n",
       "area_se                        0.415730     0.134109              0.127071   \n",
       "smoothness_se                  0.328429     0.413506              0.427374   \n",
       "compactness_se                 0.744083     0.394713              0.803269   \n",
       "concavity_se                   0.771804     0.309429              0.727372   \n",
       "concave points_se              1.000000     0.312780              0.611044   \n",
       "symmetry_se                    0.312780     1.000000              0.369078   \n",
       "fractal_dimension_se           0.611044     0.369078              1.000000   \n",
       "Malignant                      0.408042    -0.006522              0.077972   \n",
       "\n",
       "                      Malignant  \n",
       "radius_se              0.567134  \n",
       "texture_se            -0.008303  \n",
       "perimeter_se           0.556141  \n",
       "area_se                0.548236  \n",
       "smoothness_se         -0.067016  \n",
       "compactness_se         0.292999  \n",
       "concavity_se           0.253730  \n",
       "concave points_se      0.408042  \n",
       "symmetry_se           -0.006522  \n",
       "fractal_dimension_se   0.077972  \n",
       "Malignant              1.000000  "
      ]
     },
     "execution_count": 6,
     "metadata": {},
     "output_type": "execute_result"
    }
   ],
   "source": [
    "subset2_data.corr()"
   ]
  },
  {
   "cell_type": "code",
   "execution_count": 7,
   "metadata": {
    "colab": {
     "base_uri": "https://localhost:8080/",
     "height": 427
    },
    "colab_type": "code",
    "id": "v0Ky25X5kPSM",
    "outputId": "0be89d05-f3de-4589-f730-a3317bdc3018"
   },
   "outputs": [
    {
     "data": {
      "text/html": [
       "<div>\n",
       "<style scoped>\n",
       "    .dataframe tbody tr th:only-of-type {\n",
       "        vertical-align: middle;\n",
       "    }\n",
       "\n",
       "    .dataframe tbody tr th {\n",
       "        vertical-align: top;\n",
       "    }\n",
       "\n",
       "    .dataframe thead th {\n",
       "        text-align: right;\n",
       "    }\n",
       "</style>\n",
       "<table border=\"1\" class=\"dataframe\">\n",
       "  <thead>\n",
       "    <tr style=\"text-align: right;\">\n",
       "      <th></th>\n",
       "      <th>radius_worst</th>\n",
       "      <th>texture_worst</th>\n",
       "      <th>perimeter_worst</th>\n",
       "      <th>area_worst</th>\n",
       "      <th>smoothness_worst</th>\n",
       "      <th>compactness_worst</th>\n",
       "      <th>concavity_worst</th>\n",
       "      <th>concave points_worst</th>\n",
       "      <th>symmetry_worst</th>\n",
       "      <th>fractal_dimension_worst</th>\n",
       "      <th>Malignant</th>\n",
       "    </tr>\n",
       "  </thead>\n",
       "  <tbody>\n",
       "    <tr>\n",
       "      <th>radius_worst</th>\n",
       "      <td>1.000000</td>\n",
       "      <td>0.359921</td>\n",
       "      <td>0.993708</td>\n",
       "      <td>0.984015</td>\n",
       "      <td>0.216574</td>\n",
       "      <td>0.475820</td>\n",
       "      <td>0.573975</td>\n",
       "      <td>0.787424</td>\n",
       "      <td>0.243529</td>\n",
       "      <td>0.093492</td>\n",
       "      <td>0.776454</td>\n",
       "    </tr>\n",
       "    <tr>\n",
       "      <th>texture_worst</th>\n",
       "      <td>0.359921</td>\n",
       "      <td>1.000000</td>\n",
       "      <td>0.365098</td>\n",
       "      <td>0.345842</td>\n",
       "      <td>0.225429</td>\n",
       "      <td>0.360832</td>\n",
       "      <td>0.368366</td>\n",
       "      <td>0.359755</td>\n",
       "      <td>0.233027</td>\n",
       "      <td>0.219122</td>\n",
       "      <td>0.456903</td>\n",
       "    </tr>\n",
       "    <tr>\n",
       "      <th>perimeter_worst</th>\n",
       "      <td>0.993708</td>\n",
       "      <td>0.365098</td>\n",
       "      <td>1.000000</td>\n",
       "      <td>0.977578</td>\n",
       "      <td>0.236775</td>\n",
       "      <td>0.529408</td>\n",
       "      <td>0.618344</td>\n",
       "      <td>0.816322</td>\n",
       "      <td>0.269493</td>\n",
       "      <td>0.138957</td>\n",
       "      <td>0.782914</td>\n",
       "    </tr>\n",
       "    <tr>\n",
       "      <th>area_worst</th>\n",
       "      <td>0.984015</td>\n",
       "      <td>0.345842</td>\n",
       "      <td>0.977578</td>\n",
       "      <td>1.000000</td>\n",
       "      <td>0.209145</td>\n",
       "      <td>0.438296</td>\n",
       "      <td>0.543331</td>\n",
       "      <td>0.747419</td>\n",
       "      <td>0.209146</td>\n",
       "      <td>0.079647</td>\n",
       "      <td>0.733825</td>\n",
       "    </tr>\n",
       "    <tr>\n",
       "      <th>smoothness_worst</th>\n",
       "      <td>0.216574</td>\n",
       "      <td>0.225429</td>\n",
       "      <td>0.236775</td>\n",
       "      <td>0.209145</td>\n",
       "      <td>1.000000</td>\n",
       "      <td>0.568187</td>\n",
       "      <td>0.518523</td>\n",
       "      <td>0.547691</td>\n",
       "      <td>0.493838</td>\n",
       "      <td>0.617624</td>\n",
       "      <td>0.421465</td>\n",
       "    </tr>\n",
       "    <tr>\n",
       "      <th>compactness_worst</th>\n",
       "      <td>0.475820</td>\n",
       "      <td>0.360832</td>\n",
       "      <td>0.529408</td>\n",
       "      <td>0.438296</td>\n",
       "      <td>0.568187</td>\n",
       "      <td>1.000000</td>\n",
       "      <td>0.892261</td>\n",
       "      <td>0.801080</td>\n",
       "      <td>0.614441</td>\n",
       "      <td>0.810455</td>\n",
       "      <td>0.590998</td>\n",
       "    </tr>\n",
       "    <tr>\n",
       "      <th>concavity_worst</th>\n",
       "      <td>0.573975</td>\n",
       "      <td>0.368366</td>\n",
       "      <td>0.618344</td>\n",
       "      <td>0.543331</td>\n",
       "      <td>0.518523</td>\n",
       "      <td>0.892261</td>\n",
       "      <td>1.000000</td>\n",
       "      <td>0.855434</td>\n",
       "      <td>0.532520</td>\n",
       "      <td>0.686511</td>\n",
       "      <td>0.659610</td>\n",
       "    </tr>\n",
       "    <tr>\n",
       "      <th>concave points_worst</th>\n",
       "      <td>0.787424</td>\n",
       "      <td>0.359755</td>\n",
       "      <td>0.816322</td>\n",
       "      <td>0.747419</td>\n",
       "      <td>0.547691</td>\n",
       "      <td>0.801080</td>\n",
       "      <td>0.855434</td>\n",
       "      <td>1.000000</td>\n",
       "      <td>0.502528</td>\n",
       "      <td>0.511114</td>\n",
       "      <td>0.793566</td>\n",
       "    </tr>\n",
       "    <tr>\n",
       "      <th>symmetry_worst</th>\n",
       "      <td>0.243529</td>\n",
       "      <td>0.233027</td>\n",
       "      <td>0.269493</td>\n",
       "      <td>0.209146</td>\n",
       "      <td>0.493838</td>\n",
       "      <td>0.614441</td>\n",
       "      <td>0.532520</td>\n",
       "      <td>0.502528</td>\n",
       "      <td>1.000000</td>\n",
       "      <td>0.537848</td>\n",
       "      <td>0.416294</td>\n",
       "    </tr>\n",
       "    <tr>\n",
       "      <th>fractal_dimension_worst</th>\n",
       "      <td>0.093492</td>\n",
       "      <td>0.219122</td>\n",
       "      <td>0.138957</td>\n",
       "      <td>0.079647</td>\n",
       "      <td>0.617624</td>\n",
       "      <td>0.810455</td>\n",
       "      <td>0.686511</td>\n",
       "      <td>0.511114</td>\n",
       "      <td>0.537848</td>\n",
       "      <td>1.000000</td>\n",
       "      <td>0.323872</td>\n",
       "    </tr>\n",
       "    <tr>\n",
       "      <th>Malignant</th>\n",
       "      <td>0.776454</td>\n",
       "      <td>0.456903</td>\n",
       "      <td>0.782914</td>\n",
       "      <td>0.733825</td>\n",
       "      <td>0.421465</td>\n",
       "      <td>0.590998</td>\n",
       "      <td>0.659610</td>\n",
       "      <td>0.793566</td>\n",
       "      <td>0.416294</td>\n",
       "      <td>0.323872</td>\n",
       "      <td>1.000000</td>\n",
       "    </tr>\n",
       "  </tbody>\n",
       "</table>\n",
       "</div>"
      ],
      "text/plain": [
       "                         radius_worst  texture_worst  perimeter_worst  \\\n",
       "radius_worst                 1.000000       0.359921         0.993708   \n",
       "texture_worst                0.359921       1.000000         0.365098   \n",
       "perimeter_worst              0.993708       0.365098         1.000000   \n",
       "area_worst                   0.984015       0.345842         0.977578   \n",
       "smoothness_worst             0.216574       0.225429         0.236775   \n",
       "compactness_worst            0.475820       0.360832         0.529408   \n",
       "concavity_worst              0.573975       0.368366         0.618344   \n",
       "concave points_worst         0.787424       0.359755         0.816322   \n",
       "symmetry_worst               0.243529       0.233027         0.269493   \n",
       "fractal_dimension_worst      0.093492       0.219122         0.138957   \n",
       "Malignant                    0.776454       0.456903         0.782914   \n",
       "\n",
       "                         area_worst  smoothness_worst  compactness_worst  \\\n",
       "radius_worst               0.984015          0.216574           0.475820   \n",
       "texture_worst              0.345842          0.225429           0.360832   \n",
       "perimeter_worst            0.977578          0.236775           0.529408   \n",
       "area_worst                 1.000000          0.209145           0.438296   \n",
       "smoothness_worst           0.209145          1.000000           0.568187   \n",
       "compactness_worst          0.438296          0.568187           1.000000   \n",
       "concavity_worst            0.543331          0.518523           0.892261   \n",
       "concave points_worst       0.747419          0.547691           0.801080   \n",
       "symmetry_worst             0.209146          0.493838           0.614441   \n",
       "fractal_dimension_worst    0.079647          0.617624           0.810455   \n",
       "Malignant                  0.733825          0.421465           0.590998   \n",
       "\n",
       "                         concavity_worst  concave points_worst  \\\n",
       "radius_worst                    0.573975              0.787424   \n",
       "texture_worst                   0.368366              0.359755   \n",
       "perimeter_worst                 0.618344              0.816322   \n",
       "area_worst                      0.543331              0.747419   \n",
       "smoothness_worst                0.518523              0.547691   \n",
       "compactness_worst               0.892261              0.801080   \n",
       "concavity_worst                 1.000000              0.855434   \n",
       "concave points_worst            0.855434              1.000000   \n",
       "symmetry_worst                  0.532520              0.502528   \n",
       "fractal_dimension_worst         0.686511              0.511114   \n",
       "Malignant                       0.659610              0.793566   \n",
       "\n",
       "                         symmetry_worst  fractal_dimension_worst  Malignant  \n",
       "radius_worst                   0.243529                 0.093492   0.776454  \n",
       "texture_worst                  0.233027                 0.219122   0.456903  \n",
       "perimeter_worst                0.269493                 0.138957   0.782914  \n",
       "area_worst                     0.209146                 0.079647   0.733825  \n",
       "smoothness_worst               0.493838                 0.617624   0.421465  \n",
       "compactness_worst              0.614441                 0.810455   0.590998  \n",
       "concavity_worst                0.532520                 0.686511   0.659610  \n",
       "concave points_worst           0.502528                 0.511114   0.793566  \n",
       "symmetry_worst                 1.000000                 0.537848   0.416294  \n",
       "fractal_dimension_worst        0.537848                 1.000000   0.323872  \n",
       "Malignant                      0.416294                 0.323872   1.000000  "
      ]
     },
     "execution_count": 7,
     "metadata": {},
     "output_type": "execute_result"
    }
   ],
   "source": [
    "subset3_data.corr()"
   ]
  },
  {
   "cell_type": "code",
   "execution_count": 8,
   "metadata": {
    "colab": {
     "base_uri": "https://localhost:8080/",
     "height": 743
    },
    "colab_type": "code",
    "id": "4dqt7buxRTZ5",
    "outputId": "b1a00cfc-7c5e-4d3a-8c5e-469035f51063"
   },
   "outputs": [
    {
     "data": {
      "text/plain": [
       "<matplotlib.axes._subplots.AxesSubplot at 0x10b7ab358>"
      ]
     },
     "execution_count": 8,
     "metadata": {},
     "output_type": "execute_result"
    },
    {
     "data": {
